10 :			20,			-45,			-45,			260,			150,		1000,			0.455,			6.092,			0.227,			3.046,		LEADTABLE,		LINE2OPEN,		30,			8,			8,			4,			4,			4,			4,			,	LINEOPEN,			8,	LINEOPEN,			8,			,	NONE,			0,			0,			,			,			0,			0,			,			,			,			,			,			,			,			,			,			,			,			,			,			,	VERIFIED,			0,			-1,			0,			,			,			,			,			,			,			,			,			,			,			,			,			,			,			,			,			,
10 :			20,			-40,			-40,			260,			150,		1100,			0.643,			6.092,			0.321,			3.046,		LEADTABLE,		LINE2OPEN,		30,			8,			8,			4,			4,			4,			4,			,	LINEOPEN,			8,	LINEOPEN,			8,			,	NONE,			0,			0,			,			,			0,			0,			,			,			,			,			,			,			,			,			,			,			,			,			,			,	VERIFIED,			0,			-1,			0,			,			,			,			,			,			,			,			,			,			,			,			,			,			,			,			,			,
10 :			20,			-35,			-35,			260,			150,		1200,			0.842,			4.697,			0.421,			2.349,		LEADTABLE,		LINE2OPEN,		30,			8,			8,			4,			4,			4,			4,			,	LINEOPEN,			8,	LINEOPEN,			8,			,	NONE,			0,			0,			,			,			0,			0,			,			,			,			,			,			,			,			,			,			,			,			,			,			,	VERIFIED,			0,			-1,			0,			,			,			,			,			,			,			,			,			,			,			,			,			,			,			,			,			,
10 :			20,			-30,			-30,			260,			150,		1200,			1.077,			3.718,			0.539,			1.859,		LEADTABLE,		LINE2OPEN,		30,			8,			8,			4,			4,			4,			4,			,	LINEOPEN,			8,	LINEOPEN,			8,			,	NONE,			0,			0,			,			,			0,			0,			,			,			,			,			,			,			,			,			,			,			,			,			,			,	VERIFIED,			0,			-1,			0,			,			,			,			,			,			,			,			,			,			,			,			,			,			,			,			,			,
10 :			20,			-25,			-25,			260,			150,		1200,			1.227,			3.147,			0.614,			1.574,		LEADTABLE,		LINE2OPEN,		30,			8,			8,			4,			4,			4,			4,			,	LINEOPEN,			8,	LINEOPEN,			8,			,	NONE,			0,			0,			,			,			0,			0,			,			,			,			,			,			,			,			,			,			,			,			,			,			,	VERIFIED,			0,			-1,			0,			,			,			,			,			,			,			,			,			,			,			,			,			,			,			,			,			,
10 :			20,			-20,			-20,			260,			150,		1400,			1.196,			2.685,			0.598,			1.343,		LEADTABLE,		LINE2OPEN,		30,			8,			8,			4,			4,			4,			4,			,	LINEOPEN,			8,	LINEOPEN,			8,			,	NONE,			0,			0,			,			,			0,			0,			,			,			,			,			,			,			,			,			,			,			,			,			,			,	VERIFIED,			0,			-1,			0,			,			,			,			,			,			,			,			,			,			,			,			,			,			,			,			,			,
10 :			20,			-15,			-15,			260,			150,		1400,			1.194,			2.514,			0.597,			1.257,		LEADTABLE,		LINE2OPEN,		30,			8,			8,			4,			4,			4,			4,			,	LINEOPEN,			8,	LINEOPEN,			8,			,	NONE,			0,			0,			,			,			0,			0,			,			,			,			,			,			,			,			,			,			,			,			,			,			,	VERIFIED,			0,			-1,			0,			,			,			,			,			,			,			,			,			,			,			,			,			,			,			,			,			,
10 :			20,			-10,			-10,			260,			150,		1400,			1.124,			2.490,			0.562,			1.245,		LEADTABLE,		LINE2OPEN,		30,			8,			8,			4,			4,			4,			4,			,	LINEOPEN,			8,	LINEOPEN,			8,			,	NONE,			0,			0,			,			,			0,			0,			,			,			,			,			,			,			,			,			,			,			,			,			,			,	VERIFIED,			0,			-1,			0,			,			,			,			,			,			,			,			,			,			,			,			,			,			,			,			,			,
10 :			20,			-5,			     -5,			260,			150,		1400,			0.991,			2.591,			0.495,			1.296,		LEADTABLE,		LINE2OPEN,		30,			8,			8,			4,			4,			4,			4,			,	LINEOPEN,			8,	LINEOPEN,			8,			,	NONE,			0,			0,			,			,			0,			0,			,			,			,			,			,			,			,			,			,			,			,			,			,			,	VERIFIED,			0,			-1,			0,			,			,			,			,			,			,			,			,			,			,			,			,			,			,			,			,			,
10 :			20,			0,			      0,			260,			150,		1400,			3.500,			3.500,			3.500,			3.500,		LEADTABLE,		LINE2OPEN,		30,			8,			8,			4,			4,			4,			4,			,	LINEOPEN,			8,	LINEOPEN,			8,			,	NONE,			0,			0,			,			,			0,			0,			,			,			,			,			,			,			,			,			,			,			,			,			,			,	VERIFIED,			0,			-1,			0,			,			,			,			,			,			,			,			,			,			,			,			,			,			,			,			,			,
10 :			20,			0,			0,			260,			150,		1400,			3.500,			3.500,			3.500,			3.500,		LEADTABLE,		LINE2OPEN,		30,			8,			8,			4,			4,			4,			4,			,	LINEOPEN,			8,	LINEOPEN,			8,			,	NONE,			0,			0,			,			,			0,			0,			,			,			,			,			,			,			,			,			,			,			,			,			,			,	VERIFIED,			0,			-1,			0,			,			,			,			,			,			,			,			,			,			,			,			,			,			,			,			,			,
10 :			20,			5,			5,			260,			150,		1400,			0.991,			2.591,			0.495,			1.296,		LEADTABLE,		LINE2OPEN,		30,			8,			8,			4,			4,			4,			4,			,	LINEOPEN,			8,	LINEOPEN,			8,			,	NONE,			0,			0,			,			,			0,			0,			,			,			,			,			,			,			,			,			,			,			,			,			,			,	VERIFIED,			0,			-1,			0,			,			,			,			,			,			,			,			,			,			,			,			,			,			,			,			,			,
10 :			20,			10,			10,			260,			150,		1400,			1.124,			2.490,			0.562,			1.245,		LEADTABLE,		LINE2OPEN,		30,			8,			8,			4,			4,			4,			4,			,	LINEOPEN,			8,	LINEOPEN,			8,			,	NONE,			0,			0,			,			,			0,			0,			,			,			,			,			,			,			,			,			,			,			,			,			,			,	VERIFIED,			0,			-1,			0,			,			,			,			,			,			,			,			,			,			,			,			,			,			,			,			,			,
10 :			20,			15,			15,			260,			150,		1400,			1.194,			2.514,			0.597,			1.257,		LEADTABLE,		LINE2OPEN,		30,			8,			8,			4,			4,			4,			4,			,	LINEOPEN,			8,	LINEOPEN,			8,			,	NONE,			0,			0,			,			,			0,			0,			,			,			,			,			,			,			,			,			,			,			,			,			,			,	VERIFIED,			0,			-1,			0,			,			,			,			,			,			,			,			,			,			,			,			,			,			,			,			,			,
10 :			20,			20,			20,			260,			150,		1400,			1.196,			2.685,			0.598,			1.343,		LEADTABLE,		LINE2OPEN,		30,			8,			8,			4,			4,			4,			4,			,	LINEOPEN,			8,	LINEOPEN,			8,			,	NONE,			0,			0,			,			,			0,			0,			,			,			,			,			,			,			,			,			,			,			,			,			,			,	VERIFIED,			0,			-1,			0,			,			,			,			,			,			,			,			,			,			,			,			,			,			,			,			,			,
10 :			20,			25,			25,			260,			150,		1200,			1.227,			3.147,			0.614,			1.574,		LEADTABLE,		LINE2OPEN,		30,			8,			8,			4,			4,			4,			4,			,	LINEOPEN,			8,	LINEOPEN,			8,			,	NONE,			0,			0,			,			,			0,			0,			,			,			,			,			,			,			,			,			,			,			,			,			,			,	VERIFIED,			0,			-1,			0,			,			,			,			,			,			,			,			,			,			,			,			,			,			,			,			,			,
10 :			20,			30,			30,			260,			150,		1200,			1.077,			3.718,			0.539,			1.859,		LEADTABLE,		LINE2OPEN,		30,			8,			8,			4,			4,			4,			4,			,	LINEOPEN,			8,	LINEOPEN,			8,			,	NONE,			0,			0,			,			,			0,			0,			,			,			,			,			,			,			,			,			,			,			,			,			,			,	VERIFIED,			0,			-1,			0,			,			,			,			,			,			,			,			,			,			,			,			,			,			,			,			,			,
10 :			20,			35,			35,			260,			150,		1200,			0.842,			4.697,			0.421,			2.349,		LEADTABLE,		LINE2OPEN,		30,			8,			8,			4,			4,			4,			4,			,	LINEOPEN,			8,	LINEOPEN,			8,			,	NONE,			0,			0,			,			,			0,			0,			,			,			,			,			,			,			,			,			,			,			,			,			,			,	VERIFIED,			0,			-1,			0,			,			,			,			,			,			,			,			,			,			,			,			,			,			,			,			,			,
10 :			20,			40,			40,			260,			150,		1100,			0.643,			6.092,			0.321,			3.046,		LEADTABLE,		LINE2OPEN,		30,			8,			8,			4,			4,			4,			4,			,	LINEOPEN,			8,	LINEOPEN,			8,			,	NONE,			0,			0,			,			,			0,			0,			,			,			,			,			,			,			,			,			,			,			,			,			,			,	VERIFIED,			0,			-1,			0,			,			,			,			,			,			,			,			,			,			,			,			,			,			,			,			,			,
10 :			20,			45,			45,			260,			150,		1000,			0.455,			6.092,			0.227,			3.046,		LEADTABLE,		LINE2OPEN,		30,			8,			8,			4,			4,			4,			4,			,	LINEOPEN,			8,	LINEOPEN,			8,			,	NONE,			0,			0,			,			,			0,			0,			,			,			,			,			,			,			,			,			,			,			,			,			,			,	VERIFIED,			0,			-1,			0,			,			,			,			,			,			,			,			,			,			,			,			,			,			,			,			,			,
